0.050000, 0.100521
0.050503, 0.100521
0.051005, 0.100521
0.051508, 0.100521
0.052010, 0.100521
0.052513, 0.100521
0.052513, 0.100521
0.053518, 0.100521
0.054020, 0.102251
0.054523, 0.104199
0.055025, 0.108725
0.055528, 0.105856
0.056030, 0.110534
0.056533, 0.112297
0.057035, 0.114460
0.057538, 0.117609
0.058040, 0.119668
0.058543, 0.123547
0.059045, 0.126974
0.059548, 0.130005
0.060050, 0.133920
0.060553, 0.137434
0.061055, 0.139540
0.061558, 0.144004
0.062060, 0.147056
0.062563, 0.151059
0.063065, 0.155110
0.063568, 0.159533
0.064070, 0.165299
0.064573, 0.173166
0.065075, 0.189031
0.065578, 0.179215
0.066080, 0.198634
0.066583, 0.209413
0.067085, 0.227117
0.067588, 0.247423
0.068090, 0.266487
0.068593, 0.294311
0.069095, 0.330454
0.069598, 0.364176
0.070101, 0.406179
0.070603, 0.438476
0.071106, 0.473963
0.071608, 0.536409
0.072111, 0.630518
0.072613, 0.584284
0.073116, 0.661535
0.073618, 0.683122
0.074121, 0.712722
0.074623, 0.730601
0.075126, 0.750163
0.075628, 0.773380
0.076131, 0.761658
0.076633, 0.779732
0.077136, 0.787808
0.077638, 0.792098
0.078141, 0.805978
0.078643, 0.796964
0.079146, 0.809361
0.079648, 0.801632
0.080151, 0.813640
0.080653, 0.815636
0.081156, 0.818666
0.081658, 0.821692
0.082161, 0.823389
0.082663, 0.827274
0.083166, 0.825428
0.083668, 0.832424
0.084171, 0.830508
0.084673, 0.829113
0.085176, 0.833907
0.085678, 0.835375
0.086181, 0.836639
0.086683, 0.837539
0.087186, 0.839234
0.087688, 0.840580
0.088191, 0.843104
0.088693, 0.842401
0.089196, 0.838376
0.089698, 0.841961
0.090201, 0.843994
0.090704, 0.845099
0.091206, 0.845675
0.091709, 0.846192
0.092211, 0.846811
0.092714, 0.847505
0.093216, 0.847857
0.093719, 0.848350
0.094221, 0.849107
0.094724, 0.850122
0.095226, 0.851388
0.095729, 0.850713
0.096231, 0.851916
0.096734, 0.852322
0.097236, 0.852770
0.097739, 0.853162
0.098241, 0.853550
0.098744, 0.853901
0.099246, 0.854311
0.099749, 0.855046
0.100251, 0.854720
0.100754, 0.855280
0.101256, 0.855774
0.101759, 0.856045
0.102261, 0.856375
0.102764, 0.856617
0.103266, 0.857005
0.103769, 0.857495
0.104271, 0.857314
0.104774, 0.857759
0.105276, 0.857909
0.105779, 0.858157
0.106281, 0.858318
0.106784, 0.858611
0.107286, 0.858735
0.107789, 0.858948
0.108291, 0.859081
0.108794, 0.859265
0.109296, 0.859537
0.109799, 0.859624
0.110302, 0.860042
0.110804, 0.860148
0.111307, 0.860370
0.111809, 0.860446
0.112312, 0.860861
0.112814, 0.860717
0.113317, 0.861077
0.113819, 0.860963
0.114322, 0.861301
0.114824, 0.861019
0.115327, 0.861434
0.115829, 0.861176
0.116332, 0.861641
0.116834, 0.861725
0.117337, 0.861787
0.117839, 0.862000
0.118342, 0.862238
0.118844, 0.862506
0.119347, 0.862389
0.119849, 0.862545
0.120352, 0.861897
0.120854, 0.862136
0.121357, 0.862708
0.121859, 0.862766
0.122362, 0.862958
0.122864, 0.862896
0.123367, 0.863086
0.123869, 0.863143
0.124372, 0.863249
0.124874, 0.863327
0.125377, 0.863409
0.125879, 0.863528
0.126382, 0.863451
0.126884, 0.863614
0.127387, 0.863709
0.127889, 0.863759
0.128392, 0.863968
0.128894, 0.863857
0.129397, 0.863907
0.129899, 0.864079
0.130402, 0.864134
0.130905, 0.864186
0.131407, 0.864226
0.131910, 0.864276
0.132412, 0.864303
0.132915, 0.864481
0.133417, 0.864569
0.133920, 0.864583
0.134422, 0.864598
0.134925, 0.864623
0.135427, 0.864390
0.135930, 0.864426
0.136432, 0.864713
0.136935, 0.864822
0.137437, 0.864878
0.137940, 0.864904
0.138442, 0.864930
0.138945, 0.864989
0.139447, 0.865136
0.139950, 0.865030
0.140452, 0.865087
0.140955, 0.865176
0.141457, 0.865210
0.141960, 0.865256
0.142462, 0.865332
0.142965, 0.865305
0.143467, 0.865372
0.143970, 0.865530
0.144472, 0.865579
0.144975, 0.865615
0.145477, 0.865408
0.145980, 0.865464
0.146482, 0.865667
0.146985, 0.865724
0.147487, 0.865924
0.147990, 0.865882
0.148492, 0.866016
0.148995, 0.866042
0.149497, 0.866064
0.150000, 0.866091
