0.113156
0.115165
0.115242
0.114583
0.114516
0.115749
0.114196
0.110397
0.114566
0.116088
0.115248
0.114197
0.114311
0.112178
0.111844
0.114140
0.114561
0.115938
0.115298
0.114524
0.113224
0.115494
0.116264
0.116914
0.118101
0.119507
0.119329
0.114899
0.118867
0.120217
0.118964
0.119426
0.117812
0.120537
0.121017
0.119866
0.116750
0.117726
0.118628
0.120452
0.124563
0.123812
0.123691
0.121363
0.122535
0.124434
0.120791
0.120942
0.122540
0.124047
0.125880
0.123560
0.124413
0.125291
0.124641
0.119866
0.123512
0.126235
0.125486
0.126495
0.129281
0.129177
0.127808
0.129128
0.129708
0.126178
0.127729
0.128919
0.126437
0.128285
0.128813
0.127164
0.131430
0.130748
0.129204
0.128801
0.128550
0.131448
0.130301
0.131134
0.131009
0.132496
0.130723
0.128694
0.131524
0.133879
0.134403
0.134988
0.136562
0.134170
0.137654
0.137352
0.135899
0.132647
0.134420
0.133994
0.135536
0.135296
0.139106
0.140406
0.140306
0.140059
0.139215
0.136614
0.138967
0.137990
0.138515
0.137348
0.137456
0.136441
0.136339
0.138097
0.140978
0.137688
0.142414
0.140343
0.143276
0.143040
0.143123
0.143441
0.141076
0.142703
0.145374
0.144815
0.147009
0.145304
0.143426
0.139491
0.140361
0.144475
0.145048
0.145061
0.146946
0.145400
0.145913
0.146037
0.147620
0.147705
0.148729
0.146720
0.145394
0.144356
0.147813
0.147967
0.149316
0.148849
0.147722
0.150253
0.151647
0.151278
0.150556
0.150429
0.150577
0.148429
0.151516
0.151883
0.150184
0.155351
0.150059
0.154145
0.156758
0.154306
0.158063
0.156758
0.153799
0.153880
0.153639
0.152227
0.149747
0.152365
0.155281
0.158360
0.156511
0.156752
0.163779
0.155384
0.161610
0.158786
0.158322
0.161901
0.158719
0.160010
0.162478
0.161255
0.160387
0.158266
0.158779
0.160736
0.162166
0.160061
0.161253
0.164024
0.162685
0.164615
0.167502
0.163537
0.165418
0.166767
0.164732
0.165068
0.167168
0.169597
0.168133
0.165686
0.168613
0.165424
0.165545
0.167027
0.167160
0.167865
0.167457
0.169210
0.170093
0.170277
0.167562
0.167208
0.168634
0.168270
0.169327
0.168342
0.168758
0.172133
0.170203
0.170614
0.169710
0.171566
0.173635
0.174177
0.175106
0.174915
0.178320
0.176253
0.177553
0.170247
0.171741
0.176074
0.173427
0.176109
0.174464
0.177109
0.177024
0.179298
0.177139
0.176368
0.178611
0.176913
0.180244
0.181232
0.181180
0.182362
0.179673
0.180641
0.182494
0.183570
0.182802
0.186148
0.181336
0.185589
0.183755
0.185963
0.186774
0.182195
0.184622
0.181733
0.186249
0.189804
0.188015
0.182022
0.184667
0.186294
0.189094
0.186837
0.188464
0.190349
0.187958
0.190173
0.191507
0.186935
0.188511
0.189379
0.192808
0.190746
0.192295
0.190246
0.191890
0.193686
0.189958
0.192032
0.193498
0.195413
0.197417
0.198133
0.197485
0.196872
0.197477
0.197888
0.197895
0.196522
0.196434
0.193031
0.194781
0.200145
0.195093
0.198328
0.196901
0.195810
0.202139
0.202867
0.197893
0.199175
0.201600
0.200969
0.197171
0.198147
0.202684
0.203035
0.204200
0.197803
0.200319
0.201999
0.200706
0.205212
0.204102
0.201900
0.205706
0.209766
0.205745
0.208151
0.206543
0.205625
0.206240
0.204346
0.205658
0.207749
0.205309
0.209333
0.213673
0.217121
0.215381
0.210620
0.212964
0.213542
0.210789
0.211581
0.207763
0.211977
0.215584
0.211744
0.214485
0.213788
0.215746
0.217404
0.214778
0.213440
0.215628
0.213639
0.216522
0.217440
0.217189
0.214905
0.216225
0.216314
0.216652
0.213950
0.219059
0.220104
0.219861
0.217592
0.217350
0.221984
0.219732
0.217783
0.214214
0.216992
0.218655
0.224044
0.219761
0.218680
0.221879
0.222973
0.220441
0.227759
0.225600
0.223481
0.225031
0.225545
0.224711
0.224104
0.223825
0.221250
0.223214
0.223228
0.225607
0.228447
0.228132
0.227234
0.234246
0.230438
0.226827
0.228932
0.228412
0.228625
0.230910
0.236378
0.233899
0.236026
0.241808
0.240513
0.240160
0.235200
0.234529
0.232592
0.237510
0.235205
0.233938
0.234016
0.235703
0.236461
0.231229
0.232158
0.232523
0.236938
0.233916
0.233456
0.238203
0.240274
0.246443
0.242125
0.241242
0.241242
0.239174
0.241721
0.244054
0.248352
0.246814
0.242750
0.240816
0.237786
0.238709
0.241708
0.247895
0.250857
0.248035
0.243800
0.248259
0.244956
0.245073
0.243016
0.249813
0.250037
0.242313
0.246220
0.250235
0.256282
0.254900
0.253822
0.252265
0.254242
0.251793
0.255533
0.253086
0.255469
0.257235
0.259827
0.256176
0.255071
0.258940
0.254719
0.259583
0.265120
0.269139
0.268435
0.263588
0.261640
0.258124
0.263191
0.258021
0.259691
0.257623
0.260617
0.259166
0.258349
0.260095
0.269034
0.270528
0.274206
0.273426
0.270709
0.270818
0.267207
0.262417
0.260988
0.261975
0.264290
0.265210
0.269945
0.274015
0.271980
0.273534
0.273631
0.273067
0.269919
0.268858
0.271839
0.264983
0.262168
0.262029
0.263304
0.258855
0.263463
0.260272
0.265160
0.262651
0.265934
0.267369
0.259644
0.263047
0.258121
0.257479
0.263225
0.261692
0.260317
0.261614
0.258915
0.260047
0.260765
0.261128
0.257077
0.255945
0.261043
0.261392
0.259132
0.257286
0.248654
0.247166
0.251125
0.249131
0.251673
0.252501
0.253530
0.253237
0.251834
0.254238
0.253166
0.247643
0.247518
0.243395
0.248200
0.247090
0.245247
0.243648
0.245011
0.244848
0.244050
0.244540
0.239135
0.244576
0.242993
0.244268
0.239548
0.239282
0.239551
0.237411
0.242983
0.242911
0.244374
0.242163
0.242914
0.240151
0.239503
0.236731
0.232000
0.231392
0.233081
0.235227
0.236904
0.235237
0.232418
0.228239
0.233344
0.228650
0.231207
0.231933
0.235173
0.231836
0.232311
0.231375
0.227011
0.227930
0.232411
0.236239
0.232501
0.231047
0.232798
0.227211
0.227800
0.222754
0.227985
0.229366
0.225283
0.229919
0.229908
0.223843
0.225137
0.230163
0.222985
0.221645
0.222825
0.223553
0.221816
0.221707
0.223269
0.218375
0.223290
0.224939
0.219872
0.221306
0.218651
0.217302
0.220314
0.215244
0.215589
0.211670
0.214486
0.210459
0.211376
0.215686
0.215630
0.215769
0.218617
0.223872
0.219760
0.212102
0.210623
0.214471
0.210035
0.204233
0.208367
0.209477
0.210903
0.210638
0.208075
0.211512
0.211586
0.213441
0.210236
0.212697
0.212421
0.211520
0.210011
0.211391
0.206938
0.208238
0.209032
0.207404
0.202839
0.207559
0.207429
0.205552
0.205287
0.209548
0.205870
0.205588
0.202533
0.200376
0.202707
0.204210
0.203594
0.204265
0.207893
0.202753
0.201010
0.201494
0.202689
0.199414
0.199043
0.193904
0.197319
0.200904
0.197417
0.198941
0.200888
0.189399
0.193640
0.196712
0.194430
0.198074
0.193223
0.191036
0.192938
0.192278
0.194694
0.194056
0.191825
0.193774
0.193375
0.195116
0.190709
0.192989
0.189116
0.190299
0.192120
0.193787
0.189777
0.191965
0.191856
0.191903
0.192098
0.186498
0.189181
0.192743
0.188187
0.187021
0.185769
0.186777
0.186019
0.186200
0.191106
0.189899
0.189740
0.186600
0.184233
0.181789
0.185554
0.188100
0.186847
0.184569
0.182318
0.179557
0.181347
0.182285
0.183657
0.184867
0.180769
0.179438
0.182967
0.182554
0.179114
0.180916
0.180429
0.179827
0.178337
0.177820
0.178624
0.175622
0.177523
0.176935
0.176208
0.176343
0.176744
0.179376
0.182032
0.179427
0.180779
0.177149
0.174391
0.174143
0.175480
0.174060
0.176059
0.177429
0.177721
0.175322
0.171729
0.170346
0.169546
0.170742
0.169752
0.172316
0.169972
0.174841
0.170957
0.170504
0.171543
0.168805
0.168247
0.166866
0.164842
0.166712
0.167740
0.165922
0.169137
0.169103
0.163894
0.167051
0.165775
0.164867
0.164978
0.166108
0.163840
0.166438
0.165386
0.169400
0.164174
0.163753
0.165106
0.166577
0.164149
0.163369
0.162121
0.160574
0.159630
0.163755
0.160671
0.161235
0.160260
0.158847
0.164004
0.158569
0.161177
0.161785
0.161425
0.161338
0.161718
0.161291
0.159635
0.157511
0.161171
0.157913
0.156267
0.154025
0.156281
0.157181
0.157309
0.156435
0.156605
0.152957
0.153298
0.157406
0.152766
0.152488
0.151748
0.153548
0.152654
0.152366
0.154290
0.155933
0.152843
0.152983
0.151100
0.149855
0.146466
0.149451
0.150568
0.146209
0.149219
0.149799
0.149084
0.145366
0.150571
0.148726
0.146988
0.146378
0.150301
0.149071
0.149560
0.146572
0.147627
0.147155
0.147512
0.147146
0.149325
0.146594
0.145302
0.141819
0.143373
0.142010
0.143634
0.142147
0.139799
0.140794
0.140742
0.139129
0.139836
0.141130
0.141067
0.141226
0.142552
0.142906
0.141190
0.138692
0.137251
0.138758
0.138756
0.137663
0.137970
0.140717
0.137133
0.137383
0.138730
0.138721
0.136998
0.137969
0.135209
0.135472
0.135139
0.133409
0.138233
0.137804
0.132946
0.133080
0.134189
0.134919
0.136221
0.131841
0.132029
0.131967
0.130793
0.127414
0.131981
0.129939
0.130011
0.133627
0.132731
0.132033
0.129860
0.132927
0.130997
0.133136
0.132207
0.129309
0.130769
0.132333
0.129199
0.129430
0.125366
0.124376
0.126999
0.127268
0.126896
0.127857
0.127320
0.124856
0.121361
0.122549
0.122305
0.126684
0.125745
0.123551
0.123340
0.127549
0.127624
0.125380
0.124719
0.124263
0.125063
0.123466
0.124727
0.122119
0.122413
0.118717
0.121414
0.124410
0.119215
0.120020
0.119227
0.120233
0.119472
0.122890
0.119199
0.119231
0.118242
0.119098
0.118424
0.117721
0.115546
0.117167
0.117479
0.117906
0.113509
0.112224
0.114467
0.114853
0.115585
0.112978
0.113483
0.109919
0.113301
0.113771
0.109850
0.112907
0.114192
0.111946
0.111699
0.110865
0.112219
0.110371
0.112115
0.112494
0.111203
0.111212
0.111762
0.110201
0.107126
0.107660
0.111119
0.108969
0.113766
