0.021575
0.112669
0.114535
0.114430
0.113161
0.113118
0.113694
0.112050
0.108768
0.112238
0.112439
0.111584
0.110436
0.111194
0.108429
0.108780
0.110989
0.110055
0.109944
0.110518
0.109865
0.108101
0.109890
0.111640
0.111564
0.111142
0.111253
0.111015
0.108021
0.110745
0.112164
0.110920
0.110462
0.109337
0.110399
0.110331
0.110697
0.109573
0.110836
0.112239
0.111315
0.112857
0.113294
0.112094
0.111844
0.110513
0.111848
0.110258
0.109470
0.110046
0.110048
0.111405
0.109015
0.109398
0.111351
0.110501
0.107128
0.111378
0.114231
0.111558
0.111616
0.109738
0.109566
0.109821
0.112303
0.111808
0.111872
0.112060
0.110256
0.109963
0.108867
0.108632
0.107454
0.108856
0.109603
0.111335
0.111950
0.110506
0.111910
0.111791
0.111814
0.112403
0.109887
0.108897
0.108818
0.112035
0.111096
0.113717
0.110720
0.112966
0.111723
0.112085
0.112978
0.113061
0.113294
0.110684
0.110327
0.111269
0.113265
0.111689
0.111075
0.112789
0.112219
0.115190
0.111290
0.113681
0.112415
0.112495
0.111662
0.111082
0.114346
0.111759
0.112525
0.112918
0.110935
0.110909
0.112647
0.113092
0.113494
0.113247
0.113118
0.111919
0.110786
0.110850
0.112459
0.113232
0.111661
0.110065
0.109878
0.110519
0.109151
0.112397
0.114974
0.113466
0.112780
0.113696
0.115907
0.112919
0.111868
0.113346
0.113164
0.112151
0.109589
0.112373
0.111699
0.111773
0.114006
0.113479
0.112457
0.113754
0.113626
0.112309
0.112281
0.111622
0.112442
0.111688
0.109692
0.113461
0.113679
0.111838
0.113262
0.113106
0.114079
0.113417
0.114494
0.111355
0.112560
0.113153
0.112619
0.115553
0.116615
0.114809
0.115758
0.115298
0.114765
0.115636
0.111540
0.111107
0.112752
0.112720
0.114513
0.115766
0.113076
0.115149
0.112722
0.114587
0.111266
0.113223
0.112537
0.112353
0.113632
0.115937
0.114689
0.115460
0.113896
0.115883
0.114965
0.113500
0.114857
0.113232
0.116013
0.116548
0.112273
0.114634
0.113639
0.115769
0.113461
0.112684
0.115269
0.117045
0.118150
0.116244
0.114068
0.116580
0.117066
0.114119
0.114435
0.116042
0.115686
0.117033
0.117454
0.118200
0.117385
0.117724
0.116022
0.116683
0.118287
0.116715
0.115719
0.117286
0.118861
0.116152
0.120678
0.115218
0.115811
0.116479
0.116946
0.116761
0.114543
0.114650
0.114842
0.116529
0.118331
0.118502
0.119486
0.118967
0.120332
0.117957
0.120234
0.118238
0.117511
0.118740
0.120811
0.121653
0.120511
0.118175
0.120629
0.122262
0.121499
0.121879
0.121103
0.119054
0.120727
0.118773
0.120592
0.119324
0.121371
0.121072
0.120977
0.120152
0.120408
0.120223
0.119631
0.119276
0.121509
0.119330
0.124456
0.120716
0.122462
0.121471
0.120737
0.121583
0.123461
0.123204
0.121145
0.122855
0.123334
0.120953
0.121367
0.121450
0.122132
0.121185
0.123980
0.122064
0.122111
0.123879
0.122604
0.121061
0.123181
0.121946
0.124729
0.123360
0.124859
0.122185
0.121295
0.120014
0.119013
0.122844
0.125111
0.124540
0.124677
0.127932
0.125939
0.125966
0.122119
0.125218
0.123665
0.123500
0.123786
0.125624
0.126772
0.123753
0.124167
0.122512
0.122486
0.124505
0.127045
0.127133
0.129306
0.125414
0.125795
0.122653
0.125857
0.126935
0.126602
0.126701
0.125427
0.128726
0.126855
0.128674
0.126158
0.127628
0.124328
0.123636
0.126110
0.126745
0.127311
0.128622
0.129110
0.128617
0.128304
0.128652
0.125664
0.126454
0.130859
0.132119
0.130867
0.131315
0.129648
0.129481
0.127803
0.131396
0.130784
0.129265
0.130067
0.131250
0.132198
0.130824
0.129654
0.132899
0.130730
0.132219
0.132943
0.134303
0.132932
0.133864
0.132444
0.136694
0.133776
0.133918
0.131838
0.132373
0.133386
0.132693
0.132166
0.133056
0.133195
0.134741
0.136309
0.135172
0.134411
0.135482
0.136937
0.134179
0.135134
0.138750
0.140759
0.138732
0.138692
0.138401
0.134904
0.135840
0.135258
0.134786
0.135363
0.134481
0.135368
0.136154
0.136813
0.137170
0.137327
0.140057
0.139041
0.138952
0.137132
0.136977
0.137448
0.141892
0.144614
0.141002
0.139527
0.139606
0.140401
0.140050
0.141236
0.140222
0.141465
0.139973
0.143699
0.140165
0.141925
0.139789
0.142756
0.142706
0.142436
0.144620
0.144941
0.143983
0.142805
0.142500
0.141389
0.141864
0.146305
0.145808
0.144892
0.144586
0.143342
0.143049
0.146079
0.144403
0.144528
0.140681
0.143659
0.145503
0.147982
0.145196
0.146073
0.145548
0.144140
0.147948
0.145410
0.149347
0.148642
0.148306
0.150952
0.146469
0.146233
0.145170
0.148807
0.148167
0.147819
0.150367
0.154657
0.153785
0.151027
0.146645
0.146072
0.146296
0.147891
0.153906
0.151513
0.153251
0.148969
0.152571
0.154017
0.152686
0.153968
0.151356
0.153124
0.153049
0.154424
0.148820
0.155919
0.152720
0.155352
0.153748
0.155423
0.155983
0.157195
0.155092
0.156945
0.155705
0.155805
0.156690
0.158155
0.155277
0.157084
0.157945
0.158080
0.160680
0.157757
0.160282
0.162407
0.158884
0.158640
0.159992
0.156048
0.159805
0.159487
0.161236
0.166891
0.164448
0.163449
0.162326
0.161915
0.163590
0.163050
0.166229
0.163598
0.167069
0.167098
0.163941
0.164187
0.167153
0.170301
0.165407
0.163471
0.168515
0.168931
0.168768
0.168367
0.170496
0.168331
0.167662
0.170041
0.169701
0.168060
0.169442
0.171666
0.170583
0.169408
0.171521
0.170378
0.170775
0.172410
0.175217
0.176578
0.176168
0.172136
0.173835
0.173718
0.173356
0.171109
0.174264
0.174590
0.179132
0.181644
0.182280
0.182715
0.180879
0.184890
0.179488
0.184406
0.183328
0.181832
0.181464
0.182216
0.180678
0.181784
0.185753
0.184505
0.180622
0.184581
0.188423
0.190556
0.186023
0.187307
0.187745
0.187271
0.188803
0.193039
0.193445
0.190961
0.192057
0.194572
0.192671
0.192078
0.188444
0.191422
0.191164
0.190602
0.193902
0.194427
0.196338
0.192673
0.198555
0.198701
0.198574
0.200173
0.199135
0.197882
0.195187
0.198083
0.198842
0.198317
0.205401
0.202410
0.202609
0.203158
0.200330
0.203014
0.200635
0.200222
0.198706
0.203411
0.202638
0.204693
0.205533
0.207460
0.210127
0.213072
0.212368
0.213497
0.208664
0.209138
0.210690
0.210757
0.208076
0.214909
0.219496
0.217580
0.219936
0.219053
0.223759
0.221152
0.224086
0.221637
0.224135
0.225257
0.229451
0.230439
0.229884
0.227228
0.228513
0.227851
0.227678
0.225545
0.228796
0.232827
0.235858
0.231369
0.233041
0.231128
0.236535
0.236391
0.234516
0.234250
0.239494
0.236716
0.235687
0.239505
0.242578
0.240103
0.244690
0.245095
0.244609
0.247363
0.247959
0.251902
0.252332
0.248533
0.250294
0.255108
0.255454
0.259362
0.257962
0.264246
0.254967
0.255948
0.258675
0.254901
0.258470
0.263657
0.261136
0.264515
0.267342
0.267781
0.269071
0.271998
0.274023
0.274024
0.268236
0.269603
0.268752
0.265512
0.261345
0.261613
0.258502
0.256162
0.255254
0.250020
0.251015
0.252756
0.250135
0.249064
0.252596
0.250491
0.249998
0.253372
0.248546
0.247495
0.244745
0.238125
0.237874
0.240813
0.241065
0.234533
0.234079
0.236500
0.234459
0.232759
0.233231
0.234156
0.233039
0.232980
0.228969
0.226526
0.222142
0.224869
0.222175
0.224218
0.226989
0.226513
0.226956
0.226106
0.220408
0.221911
0.220814
0.219826
0.220411
0.214762
0.221311
0.217931
0.213706
0.220150
0.218680
0.214274
0.217024
0.213699
0.213702
0.215059
0.214109
0.212873
0.206443
0.207581
0.204288
0.201545
0.204504
0.206499
0.202843
0.207604
0.206643
0.207622
0.206201
0.202639
0.202307
0.200695
0.200376
0.200104
0.199435
0.200928
0.197056
0.198669
0.201194
0.198642
0.194791
0.195171
0.193459
0.195285
0.199941
0.196527
0.192550
0.194577
0.190785
0.192025
0.188665
0.193242
0.194677
0.187563
0.188620
0.184003
0.185475
0.189127
0.189054
0.190138
0.192102
0.193465
0.187289
0.187588
0.189126
0.185376
0.185017
0.185777
0.185453
0.183952
0.185662
0.183002
0.184503
0.184981
0.183243
0.179659
0.177924
0.179222
0.180029
0.177581
0.177833
0.178647
0.174862
0.173382
0.174677
0.177120
0.175559
0.173079
0.172069
0.172449
0.171424
0.173529
0.173465
0.173050
0.173765
0.172081
0.170627
0.170328
0.172223
0.170436
0.166844
0.171709
0.169182
0.169979
0.170357
0.170279
0.168389
0.166064
0.165737
0.170273
0.168038
0.164669
0.167300
0.164087
0.166110
0.167109
0.169056
0.167145
0.165367
0.165244
0.162023
0.159431
0.162303
0.165069
0.163624
0.159777
0.162663
0.166028
0.162336
0.160610
0.163712
0.160662
0.157606
0.161997
0.161287
0.161247
0.158912
0.158729
0.156861
0.156895
0.156557
0.156303
0.156490
0.156287
0.157778
0.156158
0.158698
0.159027
0.156884
0.156065
0.155049
0.154876
0.154845
0.157549
0.157563
0.152966
0.154837
0.154840
0.156425
0.155795
0.153345
0.155444
0.155051
0.150308
0.150588
0.154364
0.149074
0.148243
0.150427
0.151964
0.150224
0.148279
0.152232
0.150865
0.152198
0.150858
0.150373
0.150257
0.149821
0.148719
0.143937
0.143781
0.145018
0.151329
0.147499
0.145962
0.147035
0.147705
0.144436
0.144022
0.143310
0.142073
0.146516
0.149149
0.147686
0.147946
0.149891
0.146140
0.142446
0.143796
0.144409
0.146732
0.145448
0.142353
0.141935
0.142813
0.143904
0.143984
0.143049
0.145248
0.143067
0.143400
0.142206
0.141696
0.142000
0.141568
0.140115
0.139949
0.140682
0.141025
0.140256
0.137254
0.137621
0.139904
0.138793
0.134599
0.136035
0.137392
0.140451
0.140126
0.140228
0.137829
0.132525
0.135591
0.135796
0.137346
0.137055
0.142104
0.135225
0.135495
0.134852
0.133583
0.136729
0.138509
0.137063
0.136570
0.134844
0.137072
0.136678
0.133166
0.134336
0.136807
0.134704
0.133406
0.140079
